bin,#recs,#g,#b,%g,%b,tot,cg,cb,%cg,FDR,KS,FPR
0.0,0.0,0.0,0.0,0.0,0.0,0.0,0.0,0.0,0.0,0.0,0.0,0.0
1.0,5835.0,1613.0,4222.0,27.643530419880033,72.35646958011996,5835.0,1613.0,4222.0,0.28049344587850267,50.28585040495474,50.00535695907624,0.38204642349597345
2.0,5834.0,5698.0,136.0,97.66883784710319,2.331162152896809,11669.0,7311.0,4358.0,1.2713500203457737,51.90566936636493,50.63431934601916,1.6776044056906838
3.0,5835.0,5761.0,74.0,98.7317909168809,1.2682090831191033,17504.0,13072.0,4432.0,2.273162011484059,52.78704144830872,50.51387943682466,2.949458483754513
4.0,5834.0,5776.0,58.0,99.00582790538225,0.9941720946177526,23338.0,18848.0,4490.0,3.277582435163062,53.47784659361601,50.200264158452946,4.197772828507795
5.0,5835.0,5797.0,38.0,99.34875749785776,0.6512425021422388,29173.0,24645.0,4528.0,4.285654664399069,53.93044306812768,49.64478840372861,5.4428003533568905
6.0,5834.0,5784.0,50.0,99.14295509084675,0.8570449091532453,35007.0,30429.0,4578.0,5.291466252099788,54.525964745116724,49.234498493016936,6.646788990825688
7.0,5835.0,5793.0,42.0,99.280205655527,0.7197943444730015,40842.0,36222.0,4620.0,6.298842899324938,55.02620295378752,48.72736005446258,7.84025974025974
8.0,5834.0,5794.0,40.0,99.3143640726774,0.6856359273225934,46676.0,42016.0,4660.0,7.306393442052801,55.502620295378755,48.19622685332595,9.016309012875537
9.0,5835.0,5803.0,32.0,99.4515852613539,0.5484147386461018,52511.0,47819.0,4692.0,8.315509044305097,55.88375416865174,47.568245124346646,10.19160272804774
10.0,5834.0,5790.0,44.0,99.24580047994515,0.7541995200548541,58345.0,53609.0,4736.0,9.322364005022102,56.4078132444021,47.08544923938,11.319467905405405
11.0,5835.0,5797.0,38.0,99.34875749785776,0.6512425021422388,64180.0,59406.0,4774.0,10.33043623425811,56.86040971891377,46.52997348465566,12.443653121072476
12.0,5834.0,5801.0,33.0,99.43435035995886,0.5656496400411442,70014.0,65207.0,4807.0,11.339204045504975,57.25345402572653,45.914249980221555,13.565009361348034
13.0,5835.0,5790.0,45.0,99.22879177377892,0.7712082262210771,75849.0,70997.0,4852.0,12.346059006221981,57.789423535016674,45.44336452879469,14.632522671063478
14.0,5835.0,5800.0,35.0,99.40017137960582,0.5998286203941774,81684.0,76797.0,4887.0,13.354652921966132,58.20628870890901,44.85163578694288,15.714548802946593
15.0,5834.0,5791.0,43.0,99.26294137812822,0.7370586218717818,87518.0,82588.0,4930.0,14.361681778185853,58.71843735111958,44.35675557293373,16.75212981744422
16.0,5835.0,5790.0,45.0,99.22879177377892,0.7712082262210771,93353.0,88378.0,4975.0,15.368536738902858,59.254406860409716,43.885870121506855,17.764422110552765
17.0,5834.0,5795.0,39.0,99.33150497086048,0.6684950291395211,99187.0,94173.0,5014.0,16.376261177133436,59.71891376846117,43.342652591327735,18.78201037096131
18.0,5835.0,5799.0,36.0,99.38303341902314,0.6169665809768645,105022.0,99972.0,5050.0,17.384681197374874,60.147689375893286,42.76300817851841,19.796435643564358
19.0,5834.0,5788.0,46.0,99.21151868357902,0.7884813164209845,110856.0,105760.0,5096.0,18.39118836708645,60.6955693187232,42.30438095163675,20.753532182103612
20.0,5835.0,5784.0,51.0,99.12596401028277,0.8740359897172283,116691.0,111544.0,5147.0,19.39699995478717,61.30300142925203,41.90600147446486,21.67165339032446
21.0,5834.0,5801.0,33.0,99.43435035995886,0.5656496400411442,122525.0,117345.0,5180.0,20.405767766034035,61.69604573606479,41.29027797003076,22.653474903474905
22.0,5835.0,5785.0,50.0,99.14310197086547,0.856898029134527,128360.0,123130.0,5230.0,21.411753249237467,62.29156741305383,40.87981416381636,23.54302103250478
23.0,5834.0,5788.0,46.0,99.21151868357902,0.7884813164209845,134194.0,128918.0,5276.0,22.418260418949046,62.839447355883756,40.42118693693471,24.434799090219865
24.0,5835.0,5800.0,35.0,99.40017137960582,0.5998286203941774,140029.0,134718.0,5311.0,23.426854334693196,63.25631252977608,39.829458195082886,25.36584447373376
25.0,5835.0,5787.0,48.0,99.17737789203085,0.8226221079691527,145864.0,140505.0,5359.0,24.43318760890206,63.82801333968556,39.3948257307835,26.218510916215713
26.0,5834.0,5798.0,36.0,99.38292766540967,0.6170723345903326,151698.0,146303.0,5395.0,25.441433733640782,64.25678894711767,38.81535521347689,27.11825764596849
27.0,5835.0,5788.0,47.0,99.19451585261353,0.8054841473864656,157533.0,152091.0,5442.0,26.447940903352357,64.81657932348737,38.368638420135014,27.947629547960307
28.0,5834.0,5792.0,42.0,99.28008227631128,0.7199177236887238,163367.0,157883.0,5484.0,27.455143655074792,65.31681753215817,37.861673877083376,28.789752005835158
29.0,5835.0,5784.0,51.0,99.12596401028277,0.8740359897172283,169202.0,163667.0,5535.0,28.460955242775512,65.92424964268699,37.463294399911476,29.569467028003615
30.0,5834.0,5799.0,35.0,99.40006856359273,0.5999314364072745,175036.0,169466.0,5570.0,29.469375263016946,66.34111481657932,36.87173955356238,30.424775583482944
31.0,5835.0,5794.0,41.0,99.29734361610969,0.7026563838903144,180871.0,175260.0,5611.0,30.476925805744813,66.82944259171033,36.35251678596552,31.235073961860632
32.0,5834.0,5793.0,41.0,99.29722317449435,0.7027768255056515,186705.0,181053.0,5652.0,31.48430245296996,67.31777036684136,35.8334679138714,32.03343949044586
33.0,5835.0,5794.0,41.0,99.29734361610969,0.7026563838903144,192540.0,186847.0,5693.0,32.491852995697826,67.80609814197237,35.314245146274544,32.820481292815735
34.0,5834.0,5786.0,48.0,99.17723688721289,0.8227631127871149,198374.0,192633.0,5741.0,33.49801237440397,68.37779895188184,34.87978657747787,33.553910468559486
35.0,5835.0,5788.0,47.0,99.19451585261353,0.8054841473864656,204209.0,198421.0,5788.0,34.50451954411555,68.93758932825155,34.433069784135995,34.28144436765722
36.0,5834.0,5800.0,34.0,99.4172094617758,0.5827905382242022,210043.0,204221.0,5822.0,35.5131134598597,69.3425440686041,33.829430608744396,35.07746478873239
37.0,5835.0,5785.0,50.0,99.14310197086547,0.856898029134527,215878.0,210006.0,5872.0,36.519098943063135,69.93806574559314,33.41896680253,35.76396457765667
38.0,5835.0,5798.0,37.0,99.36589545844045,0.6341045415595516,221713.0,215804.0,5909.0,37.52734506780185,70.37875178656503,32.85140671876318,36.521238788289054
39.0,5834.0,5790.0,44.0,99.24580047994515,0.7541995200548541,227547.0,221594.0,5953.0,38.53420002851886,70.90281086231539,32.36861083379653,37.22392071224593
40.0,5835.0,5784.0,51.0,99.12596401028277,0.8740359897172283,233382.0,227378.0,6004.0,39.54001161621958,71.51024297284421,31.97023135662463,37.871085942704866
41.0,5834.0,5793.0,41.0,99.29722317449435,0.7027768255056515,239216.0,233171.0,6045.0,40.54738826344473,71.99857074797522,31.45118248453049,38.572539288668324
42.0,5835.0,5804.0,31.0,99.46872322193659,0.5312767780634147,245051.0,238975.0,6076.0,41.55667776119974,72.36779418770843,30.81111642650869,39.33097432521396
43.0,5834.0,5794.0,40.0,99.3143640726774,0.6856359273225934,250885.0,244769.0,6116.0,42.56422830392761,72.84421152929967,30.279983225372064,40.02109221713538
44.0,5835.0,5792.0,43.0,99.2630676949443,0.7369323050557028,256720.0,250561.0,6159.0,43.57143105565004,73.35636017151025,29.78492911586021,40.68209124857931
45.0,5834.0,5779.0,55.0,99.05725059993144,0.9427494000685641,262554.0,256340.0,6214.0,44.57637316583718,74.0114340161982,29.435060850361012,41.25201158673962
46.0,5835.0,5793.0,42.0,99.280205655527,0.7197943444730015,268389.0,262133.0,6256.0,45.58374981306233,74.51167222486899,28.927922411806655,41.90105498721228
47.0,5834.0,5798.0,36.0,99.38292766540967,0.6170723345903326,274223.0,267931.0,6292.0,46.59199593780106,74.94044783230109,28.34845189450003,42.582803560076286
48.0,5835.0,5785.0,50.0,99.14310197086547,0.856898029134527,280058.0,273716.0,6342.0,47.59798142100449,75.53596950929014,27.93798808828565,43.159255755282246
49.0,5834.0,5788.0,46.0,99.21151868357902,0.7884813164209845,285892.0,279504.0,6388.0,48.604488590716066,76.08384945212006,27.479360861403997,43.75453976205385
50.0,5835.0,5793.0,42.0,99.280205655527,0.7197943444730015,291727.0,285297.0,6430.0,49.61186523794122,76.58408766079086,26.97222242284964,44.3696734059098
51.0,5835.0,5792.0,43.0,99.2630676949443,0.7369323050557028,297562.0,291089.0,6473.0,50.61906798966365,77.09623630300143,26.477168313337785,44.96972037695041
52.0,5834.0,5798.0,36.0,99.38292766540967,0.6170723345903326,303396.0,296887.0,6509.0,51.627314114402374,77.52501191043353,25.89769779603116,45.6117683207866
53.0,5835.0,5795.0,40.0,99.31448157669237,0.6855184233076272,309231.0,302682.0,6549.0,52.63503855263295,78.00142925202478,25.36639069939183,46.21804855703161
54.0,5834.0,5791.0,43.0,99.26294137812822,0.7370586218717818,315065.0,308473.0,6592.0,53.642067408852675,78.51357789423535,24.87151048538268,46.795054611650485
55.0,5835.0,5787.0,48.0,99.17737789203085,0.8226221079691527,320900.0,314260.0,6640.0,54.64840068306153,79.08527870414483,24.436878021083295,47.32831325301205
56.0,5834.0,5798.0,36.0,99.38292766540967,0.6170723345903326,326734.0,320058.0,6676.0,55.65664680780026,79.51405431157694,23.857407503776685,47.9415817855003
57.0,5835.0,5783.0,52.0,99.10882604970008,0.8911739502999154,332569.0,325841.0,6728.0,56.66228449999826,80.13339685564554,23.471112355647286,48.43058858501784
58.0,5834.0,5791.0,43.0,99.26294137812822,0.7370586218717818,338403.0,331632.0,6771.0,57.669313356217984,80.64554549785612,22.976232141638135,48.97828976517501
59.0,5835.0,5784.0,51.0,99.12596401028277,0.8740359897172283,344238.0,337416.0,6822.0,58.6751249439187,81.25297760838494,22.577852664466235,49.45998240985048
60.0,5834.0,5804.0,30.0,99.48577305450806,0.5142269454919415,350072.0,343220.0,6852.0,59.68441444167371,81.61029061457837,21.925876172904665,50.09048453006422
61.0,5835.0,5797.0,38.0,99.34875749785776,0.6512425021422388,355907.0,349017.0,6890.0,60.692486670909716,82.06288708909004,21.370400418180324,50.655587808418
62.0,5834.0,5793.0,41.0,99.29722317449435,0.7027768255056515,361741.0,354810.0,6931.0,61.69986331813487,82.55121486422105,20.851351546086185,51.191747222623
63.0,5835.0,5782.0,53.0,99.0916880891174,0.9083119108826025,367576.0,360592.0,6984.0,62.705327114830155,83.18246784182945,20.477140726999295,51.631156930126004
64.0,5835.0,5802.0,33.0,99.43444730077121,0.5655526992287889,373411.0,366394.0,7017.0,63.714268821579736,83.5755121486422,19.861243327062468,52.215191677354994
65.0,5834.0,5785.0,49.0,99.16009598902983,0.839904010970173,379245.0,372179.0,7066.0,64.72025430478317,84.15912339209147,19.438869087308305,52.671808661194454
66.0,5835.0,5785.0,50.0,99.14310197086547,0.856898029134527,385080.0,377964.0,7116.0,65.7262397879866,84.75464506908051,19.02840528109391,53.11467116357504
67.0,5834.0,5794.0,40.0,99.3143640726774,0.6856359273225934,390914.0,383758.0,7156.0,66.73379033071447,85.23106241067175,18.497272079957284,53.627445500279485
68.0,5835.0,5798.0,37.0,99.36589545844045,0.6341045415595516,396749.0,389556.0,7193.0,67.74203645545319,85.67174845164364,17.92971199619045,54.157653274016404
69.0,5834.0,5792.0,42.0,99.28008227631128,0.7199177236887238,402583.0,395348.0,7235.0,68.74923920717562,86.17198666031443,17.42274745313881,54.64381478921907
70.0,5835.0,5798.0,37.0,99.36589545844045,0.6341045415595516,408418.0,401146.0,7272.0,69.75748533191435,86.61267270128633,16.855187369371976,55.16309130913091
71.0,5834.0,5787.0,47.0,99.19437778539596,0.8056222146040426,414252.0,406933.0,7319.0,70.76381860612321,87.17246307765603,16.408644471532824,55.59953545566334
72.0,5835.0,5795.0,40.0,99.31448157669237,0.6855184233076272,420087.0,412728.0,7359.0,71.77154304435379,87.64888041924726,15.877337374893472,56.08479412963718
73.0,5834.0,5796.0,38.0,99.34864586904354,0.651354130956463,425921.0,418524.0,7397.0,72.77944137808709,88.10147689375893,15.322035515671843,56.58023523049885
74.0,5835.0,5799.0,36.0,99.38303341902314,0.6169665809768645,431756.0,424323.0,7433.0,73.78786139832852,88.53025250119104,14.742391102862527,57.08637158616978
75.0,5834.0,5792.0,42.0,99.28008227631128,0.7199177236887238,437590.0,430115.0,7475.0,74.79506415005095,89.03049070986184,14.23542655981089,57.540468227424746
76.0,5835.0,5802.0,33.0,99.43444730077121,0.5655526992287889,443425.0,435917.0,7508.0,75.80400585680053,89.4235350166746,13.619529159874077,58.06033564198189
77.0,5835.0,5801.0,34.0,99.41730934018852,0.582690659811476,449260.0,441718.0,7542.0,76.8127736680474,89.82848975702716,13.015716088979758,58.56775391142933
78.0,5834.0,5786.0,48.0,99.17723688721289,0.8227631127871149,455094.0,447504.0,7590.0,77.81893304675354,90.40019056693663,12.581257520183087,58.9596837944664
79.0,5835.0,5792.0,43.0,99.2630676949443,0.7369323050557028,460929.0,453296.0,7633.0,78.82613579847597,90.91233920914722,12.086203410671246,59.38634874885366
80.0,5834.0,5793.0,41.0,99.29722317449435,0.7027768255056515,466763.0,459089.0,7674.0,79.83351244570113,91.40066698427823,11.5671545385771,59.82395100338806
81.0,5835.0,5787.0,48.0,99.17737789203085,0.8226221079691527,472598.0,464876.0,7722.0,80.83984571990999,91.9723677941877,11.132522074277716,60.2015022015022
82.0,5834.0,5789.0,45.0,99.22865958176209,0.7713404182379122,478432.0,470665.0,7767.0,81.84652678512428,92.50833730347784,10.661810518353562,60.598043002446246
83.0,5835.0,5786.0,49.0,99.16023993144816,0.8397600685518398,484267.0,476451.0,7816.0,82.85268616383043,93.09194854692711,10.239262383096687,60.95841862845445
84.0,5834.0,5792.0,42.0,99.28008227631128,0.7199177236887238,490101.0,482243.0,7858.0,83.85988891555287,93.59218675559791,9.732297840045035,61.369686943242556
85.0,5835.0,5797.0,38.0,99.34875749785776,0.6512425021422388,495936.0,488040.0,7896.0,84.86796114478888,94.04478323010957,9.176822085320694,61.808510638297875
86.0,5834.0,5797.0,37.0,99.36578676722661,0.6342132327733907,501770.0,493837.0,7933.0,85.87603337402489,94.48546927108147,8.609435897056585,62.250976931803855
87.0,5835.0,5784.0,51.0,99.12596401028277,0.8740359897172283,507605.0,499621.0,7984.0,86.8818449617256,95.09290138161029,8.211056419884684,62.577780561122246
88.0,5835.0,5790.0,45.0,99.22879177377892,0.7712082262210771,513440.0,505411.0,8029.0,87.88869992244261,95.62887089090043,7.740170968457818,62.948187819155564
89.0,5834.0,5793.0,41.0,99.29722317449435,0.7027768255056515,519274.0,511204.0,8070.0,88.89607656966776,96.11719866603144,7.221122096363686,63.34622057001239
90.0,5835.0,5793.0,42.0,99.280205655527,0.7197943444730015,525109.0,516997.0,8112.0,89.9034532168929,96.61743687470224,6.713983657809337,63.732371794871796
91.0,5834.0,5801.0,33.0,99.43435035995886,0.5656496400411442,530943.0,522798.0,8145.0,90.91222102813977,97.010481181515,6.098260153375236,64.18637200736649
92.0,5835.0,5798.0,37.0,99.36589545844045,0.6341045415595516,536778.0,528596.0,8182.0,91.92046715287849,97.4511672224869,5.5307000696084145,64.60474211684185
93.0,5834.0,5804.0,30.0,99.48577305450806,0.5142269454919415,542612.0,534400.0,8212.0,92.92975665063351,97.80848022868032,4.8787235780468166,65.07549926936191
94.0,5835.0,5796.0,39.0,99.33161953727506,0.6683804627249401,548447.0,540196.0,8251.0,93.93765498436679,98.27298713673177,4.335332152364984,65.47036722821476
95.0,5834.0,5805.0,29.0,99.50291395269112,0.4970860473088834,554281.0,546001.0,8280.0,94.94711837762452,98.61838970938543,3.671271331760906,65.94214975845411
96.0,5835.0,5815.0,20.0,99.65724078834619,0.3427592116538136,560116.0,551816.0,8300.0,95.95832072590939,98.85659838018104,2.898277654271652,66.48385542168674
97.0,5834.0,5807.0,27.0,99.53719574905725,0.462804250942753,565950.0,557623.0,8327.0,96.96813191017254,99.17818008575512,2.210048175582571,66.9656538969617
98.0,5835.0,5812.0,23.0,99.60582690659811,0.3941730934018892,571785.0,563435.0,8350.0,97.97881257194926,99.45212005717008,1.4733074852208148,67.47724550898204
99.0,5834.0,5804.0,30.0,99.48577305450806,0.5142269454919415,577619.0,569239.0,8380.0,98.98810206970427,99.8094330633635,0.821330993659231,67.9282816229117
100.0,5835.0,5819.0,16.0,99.72579263067695,0.2742073693230509,583454.0,575058.0,8396.0,100.0,100.0,0.0,68.49190090519295
